# 50mm 镜头标定文件
# 本文件对应仓库原有的 camera_info 标定值，可作为当前有效的 50mm 标定。
image_width: 1440
image_height: 1080
camera_name: hik_50mm
camera_matrix:
  rows: 3
  cols: 3
  data: [15204.49558,     0.     ,   553.68852,
             0.     , 15193.88292,   489.61993,
             0.     ,     0.     ,     1.     ]
distortion_model: plumb_bob
distortion_coefficients:
  rows: 1
  cols: 5
  data: [0.251693, -6.491974, -0.004928, -0.004497, 0.000000]
rectification_matrix:
  rows: 3
  cols: 3
  data: [1., 0., 0.,
         0., 1., 0.,
         0., 0., 1.]
projection_matrix:
  rows: 3
  cols: 4
  data: [15217.32452,     0.     ,   553.32962,     0.     ,
             0.     , 15206.68592,   489.26804,     0.     ,
             0.     ,     0.     ,     1.     ,     0.     ]
