# 35mm 镜头标定文件
# 使用 35mm 镜头，已经替换为真实 35mm 标定值。
image_width: 1440
image_height: 1080
camera_name: hik_35mm
camera_matrix:
  rows: 3
  cols: 3
  data: [9955.98186,    0.     ,  704.45187,
            0.     , 9940.26158,  569.55719,
            0.     ,    0.     ,    1.     ]
distortion_model: plumb_bob
distortion_coefficients:
  rows: 1
  cols: 5
  data: [0.039778, -2.949234, -0.000008, -0.000034, 0.000000]
rectification_matrix:
  rows: 3
  cols: 3
  data: [1., 0., 0.,
         0., 1., 0.,
         0., 0., 1.]
projection_matrix:
  rows: 3
  cols: 4
  data: [9957.31977,    0.     ,  704.44594,    0.     ,
            0.     , 9941.61741,  569.55623,    0.     ,
            0.     ,    0.     ,    1.     ,    0.     ]
